3
A MIN
6 6
1 1 1 0 0 0 
2 2 2 0 0 0 
7 4 4 0 0 0 
4 4 0 0 0 0 
6 5 0 0 0 0 
5 0 0 0 0 0 
C MAX
15 15
1 8 8 15 0 0 0 0 0 0 0 0 0 0 0 
8 8 9 15 0 0 0 0 0 0 0 0 0 0 0 
2 5 9 15 0 0 0 0 0 0 0 0 0 0 0 
5 9 10 700 0 0 0 0 0 0 0 0 0 0 0 
9 9 15 700 0 0 0 0 0 0 0 0 0 0 0 
9 10 15 700 0 0 0 0 0 0 0 0 0 0 0 
10 15 15 700 0 0 0 0 0 0 0 0 0 0 0 
15 15 700 999 0 0 0 0 0 0 0 0 0 0 0 
-7 6 700 0 0 0 0 0 0 0 0 0 0 0 0 
6 700 700 0 0 0 0 0 0 0 0 0 0 0 0 
700 700 700 0 0 0 0 0 0 0 0 0 0 0 0 
-255 15 999 0 0 0 0 0 0 0 0 0 0 0 0 
15 23 0 0 0 0 0 0 0 0 0 0 0 0 0 
23 999 0 0 0 0 0 0 0 0 0 0 0 0 0 
999 0 0 0 0 0 0 0 0 0 0 0 0 0 0 
B GCD
12 12
12 2 2 2 0 0 0 0 0 0 0 0 
14 2 2 2 0 0 0 0 0 0 0 0 
16 8 2 1 0 0 0 0 0 0 0 0 
8 4 2 1 0 0 0 0 0 0 0 0 
4 2 2 1 0 0 0 0 0 0 0 0 
6 2 2 0 0 0 0 0 0 0 0 0 
10 10 5 0 0 0 0 0 0 0 0 0 
20 20 5 0 0 0 0 0 0 0 0 0 
100 -25 25 0 0 0 0 0 0 0 0 0 
-25 25 0 0 0 0 0 0 0 0 0 0 
200 200 0 0 0 0 0 0 0 0 0 0 
1000 0 0 0 0 0 0 0 0 0 0 0 
